48
42
3
38
7
30
6
43
7
11
41
49
42
39
18
2
5
46
49
49
23
0
37
12
4
4
36
18
41
10
3
22
21
29
13
17
37
0
33
14
9
37
26
43
9
40
3
10
33
42
1
23
43
17
19
6
22
6
48
16
41
21
2
24
8
48
43
30
9
32
16
13
37
42
13
23
21
31
36
42
32
34
1
14
10
23
29
30
39
32
5
35
14
30
32
15
48
13
21
21
48
17
38
25
15
29
18
44
29
44
28
45
22
47
13
37
37
46
40
45
24
2
48
10
37
16
34
7
40
4
48
26
24
20
38
39
34
15
30
47
34
8
49
42
12
11
19
23
31
11
7
16
11
26
35
43
9
6
3
40
24
8
38
22
37
27
11
22
44
23
4
18
36
25
24
11
22
21
47
47
4
16
43
40
47
20
20
26
8
3
47
5
28
23
32
30
36
21
12
46
36
13
45
33
38
44
11
38
11
29
19
22
19
7
16
13
39
10
30
20
12
30
25
49
19
32
35
10
44
37
0
12
39
5
20
10
17
12
1
4
2
23
27
4
13
3
28
16
12
10
5
25
23
31
32
23
25
28
24
13
12
28
17
1
46
31
48
9
29
49
16
3
33
2
32
44
50
19
11
29
27
19
37
9
22
0
42
6
15
40
20
8
43
21
39
21
10
29
37
4
27
48
35
28
0
50
15
27
42
45
7
38
33
43
4
6
13
30
13
8
19
31
39
4
38
42
19
9
27
0
44
13
42
22
44
27
43
33
0
36
31
40
37
32
17
0
36
41
2
33
36
40
31
26
39
29
23
38
23
6
28
5
42
44
5
11
10
26
37
32
10
16
7
40
31
31
31
45
2
28
21
21
32
17
8
32
2
24
4
30
20
9
7
16
50
47
49
25
35
5
46
11
31
32
12
1
24
4
39
40
47
4
27
4
4
38
48
45
26
23
11
35
13
16
50
12
5
12
29
20
50
26
48
44
49
12
38
27
36
31
44
8
2
41
27
13
14
48
32
42
30
0
23
44
36
31
26
36
17
23
31
29
44
26
31
40
15
3
28
46
16
41
37
35
26
5
32
2
28
28
34
14
27
25
20
46
30
36
46
36
13
28
39
30
14
48
27
17
30
43
27
6
48
16
20
12
42
3
25
0
22
33
40
35
49
4
35
0
20
41
9
27
40
18
37
48
38
38
2
33
34
9
28
6
19
21
13
45
45
36
42
30
2
24
48
15
24
37
26
43
9
36
0
29
39
25
12
32
2
46
38
25
40
24
27
15
3
49
46
22
21
15
45
41
34
42
19
24
49
15
25
2
36
16
21
24
20
21
0
28
23
26
1
44
29
22
46
26
2
17
12
19
32
24
20
26
37
30
5
16
14
21
42
35
21
2
8
3
15
48
14
5
50
37
0
49
28
33
30
4
2
27
19
19
4
10
5
30
38
9
46
6
32
2
11
16
14
24
40
20
24
8
42
32
40
41
31
36
7
25
4
37
21
33
39
42
9
39
40
17
23
8
41
21
5
25
44
19
50
34
28
37
42
28
22
45
4
28
50
36
7
35
41
9
7
42
2
42
15
13
37
26
35
5
7
46
12
46
27
18
44
17
2
24
6
19
20
6
43
18
6
13
36
14
15
5
19
14
9
35
34
33
13
43
22
11
23
25
45
38
21
6
18
38
30
15
27
12
1
2
3
10
34
46
24
7
0
32
44
42
44
47
19
9
8
49
15
14
4
16
43
14
16
26
3
38
38
29
33
28
7
39
49
32
6
41
20
24
25
41
2
18
29
10
23
49
15
27
27
30
32
8
40
33
50
42
35
38
22
41
46
5
30
47
19
14
36
47
17
16
14
9
23
16
3
49
15
47
25
32
4
30
50
28
39
14
12
42
33
39
10
42
7
25
37
27
39
18
22
19
28
27
20
36
41
12
16
40
10
41
7
38
48
15
38
37
11
23
17
10
22
18
49
27
4
6
22
32
12
7
3
0
9
40
47
41
20
13
31
1
43
9
30
45
16
37
17
32
26
14
34
31
36
36
45
32
20
36
5
33
29
0
32
40
39
31
23
46
12
4
25
9
40
50
39
24
26
30
47
18
18
8
26
35
38
1
20
50
3
19
31
25
6
20
47
0
38
17
29
15
48
49
13
48
1
48
4
20
27
31
47
14
20
18
39
23
1
33
7
7
26
25
21
28
23
42
1
4
47
7
45
15
14
39
23
40
44
31
23
26
48
4
27
45
6
24
39
48
30
49
